Estimated Parameters
theta_deg: 29.999937141663857
theta_rad: 0.5235976785133708
M: 0.029999801038508512
X: 54.99997026823557
loss: 1.7323774105474444e-05
